1 1 180 0 10 1 0 0 0 1 0 0 0 1 bb-wh-track-8.dat
1 1 78 0 -32 0.707107 0 -0.707107 0 1 0 0.707107 0 0.707107 bb-wh-track-4.dat
0 STEP
1 379 78 -40 -32 0.707107 0 -0.707107 0 -1 0 -0.707107 0 -0.707107 bb-adp-mot-4_5x3_8.dat
1 379 180 -40 10 -1 0 0 0 -1 0 0 0 1 bb-adp-mot-4_5x3_8.dat
1 0 180 0 30 1 0 0 0 1 0 0 0 1 pin-2.dat
1 0 180 0 -10 1 0 0 0 1 0 0 0 1 pin-2.dat
1 0 64 0 -46 1 0 0 0 1 0 0 0 1 pin-2.dat
1 0 92 0 -18 1 0 0 0 1 0 0 0 1 pin-2.dat
0 STEP
1 226 110 -60 20 1 0 0 0 -1 0 0 0 -1 bb-a45-4x4.dat
1 4 180 -30 10 1 0 0 0 -1 0 0 0 -1 shaft-3.dat
1 4 78 -30 -32 0.707107 0 -0.707107 0 -1 0 -0.707107 0 -0.707107 shaft-3.dat
0 STEP
